   1.4210855e-14  -1.4210855e-14   0.0000000e+00   6.1629758e-33  -3.8963815e-34   6.9388939e-18
   1.1851807e-02   4.1173041e-02   4.7560572e-02  -1.7391492e-03  -7.0509562e-04   4.2783723e-04
   1.2457667e-02   7.0294084e-02   4.3743452e-02  -8.3022647e-04  -5.0840702e-04   4.5100622e-04
   8.2092519e-03   1.7874647e-02   1.2375613e-02  -5.4098326e-04  -5.8302895e-04   5.8071466e-04
   2.2241998e-03  -1.0279029e-02   2.5422789e-02  -4.0299252e-04  -7.2448015e-04   5.2043171e-04
   1.7114166e-03   5.9026018e-02  -4.3246892e-04  -3.9877483e-04  -7.6355397e-04   3.7258179e-04
  -6.8697852e-03   3.4273835e-03  -7.5060036e-03  -1.3078147e-04  -7.1984990e-04   2.8839118e-04
  -2.5242659e-03   2.6749156e-02   1.5651862e-02  -2.0458925e-04  -8.0125893e-04   3.5644713e-04
  -3.6301747e-03   5.5940942e-02  -5.3886584e-03   1.5793638e-05  -6.7940408e-04   1.1240772e-04
  -1.1874450e-02  -2.5263468e-02   2.7023836e-02  -1.8950071e-04  -1.0729247e-03   6.6441671e-05
  -5.0448371e-03   5.8590437e-02   2.1800608e-02  -2.7570923e-04  -9.0285547e-04   1.4814122e-04
  -1.4234342e-02   1.9798308e-03   8.9494166e-03  -1.2520391e-04  -8.1504252e-04   2.9233070e-04
  -1.4856855e-02   1.9406331e-02   3.7647647e-02  -2.0227117e-04  -8.3094850e-04   1.0571996e-04
  -1.1108170e-02   6.1585423e-02   1.2471079e-02   1.4174334e-04  -7.7625907e-04   1.4163790e-04
  -1.4729555e-02  -3.9440383e-03   3.0316892e-02  -2.1049866e-04  -8.5864454e-04   1.1584831e-04
  -1.0571655e-02   5.6160851e-02   4.6155031e-02   6.0420307e-05  -8.4673029e-04  -6.2817740e-05
  -2.0621619e-02   1.4940672e-02   4.8150372e-02   3.1167368e-05  -8.3817540e-04   1.0429780e-04
  -2.3428233e-02   6.5911231e-02   7.4405123e-02  -2.4135552e-04  -1.2603623e-03   1.6295261e-04
  -2.0477270e-02   1.0858945e-01   5.9690027e-02  -6.4572521e-04  -1.3758760e-03   2.3579746e-05
  -3.3321588e-02   4.2812989e-02   7.8005353e-02  -6.7252673e-04  -1.1405764e-03   3.6364437e-04
  -3.3363780e-02   1.2416604e-01   9.8424316e-02  -8.8796162e-04  -1.5752677e-03   1.6062017e-04
  -4.2793734e-02   9.0527247e-02   6.2038604e-02  -7.3170574e-04  -1.3785989e-03   6.7353761e-04
  -4.1223117e-02   9.5633132e-02   9.5367462e-02  -1.0968351e-03  -1.5325812e-03   5.5159755e-04
  -4.4186177e-02   1.4500865e-01   8.9766391e-02  -3.8142690e-04  -1.3444471e-03   4.7225811e-04
  -4.7022564e-02   1.0262530e-01   9.4294249e-02  -8.7635834e-04  -1.6966061e-03   8.0535263e-04
  -4.5050311e-02   1.8627822e-01   7.3941062e-02  -5.7646952e-04  -1.4692292e-03   3.0795784e-04
  -5.2551605e-02   9.7934154e-02   9.9889539e-02  -6.4843970e-04  -1.7935258e-03   4.8402401e-04
  -4.9565880e-02   1.7853875e-01   1.0916507e-01  -1.2437234e-03  -1.8540094e-03   3.0878121e-04
  -5.8277583e-02   1.3987401e-01   8.8907518e-02  -1.0852949e-03  -1.7681792e-03   3.2346557e-04
  -6.0757897e-02   1.4407905e-01   1.2505571e-01  -1.2376375e-03  -1.5521797e-03   6.9590862e-04
