   0.0000000e+00   0.0000000e+00   0.0000000e+00   0.0000000e+00   0.0000000e+00   0.0000000e+00
   2.3814808e-02   1.5637874e-01   1.1026245e-01  -3.8253333e-03  -9.9554661e-04   2.9484575e-04
   2.2136953e-02   1.5503266e-01   5.1777755e-02  -1.8739338e-03  -8.0365837e-04   1.9629790e-04
   1.3723316e-02   6.5963647e-02   5.0189286e-02  -1.7517066e-03  -8.5789968e-04   3.9194885e-04
   1.4742075e-02   1.0096377e-01   5.4349664e-02  -1.7215483e-03  -8.0937228e-04   4.8473549e-04
   1.0457025e-02   1.1537709e-01   3.5224416e-02  -1.2320978e-03  -5.8218191e-04   1.6992270e-04
   1.1992841e-02   7.4122889e-02   5.4007728e-02  -1.3103254e-03  -1.0125313e-03   4.3746874e-04
   1.4310775e-02   1.2807927e-01   7.6637462e-02  -1.3471859e-03  -7.1091175e-04   3.0696654e-04
   1.0307144e-02   7.4176275e-02   4.8053104e-02  -1.1209157e-03  -8.0288786e-04   3.4377029e-04
   1.2560093e-02   9.1982641e-02   7.6543768e-02  -1.4200499e-03  -9.1546893e-04   4.7157913e-04
   2.3651059e-03   1.0493217e-01   5.5721300e-02  -1.0241358e-03  -6.6904945e-04   2.9596864e-04
   5.8280326e-04   6.0507475e-02   8.0610972e-02  -1.1900976e-03  -8.1722522e-04   3.6496255e-04
   3.3333034e-03   1.3591783e-01   9.4127065e-02  -1.1554092e-03  -6.8625302e-04   3.9707156e-04
   1.8361755e-03   7.6157595e-02   3.5647448e-02  -1.0737181e-03  -7.1536604e-04   1.8220983e-04
  -3.6429674e-04   7.7892092e-02   8.2206231e-02  -9.6604572e-04  -3.4886001e-04   5.9594512e-04
   5.9129818e-03   1.1345860e-01   1.0890886e-01  -1.2846206e-03  -8.9106047e-04   5.9058345e-04
  -4.7653032e-03   8.9570054e-02   6.8340309e-02  -1.1331042e-03  -6.9623242e-04   4.2591655e-04
  -4.5344253e-03   7.1069522e-02   8.5633286e-02  -1.3799721e-03  -8.8215716e-04   6.3956325e-04
  -9.2859809e-04   1.5188024e-01   1.1321713e-01  -1.7311608e-03  -8.3925383e-04   6.1725407e-04
  -3.0198279e-03   1.0599239e-01   7.7168672e-02  -1.1424148e-03  -8.1049221e-04   4.3367821e-04
  -2.4190566e-03   8.5122662e-02   1.1315988e-01  -1.5632477e-03  -9.4960404e-04   5.4690296e-04
   2.5213321e-03   1.6026449e-01   1.0474161e-01  -1.7637602e-03  -8.4303538e-04   3.2597140e-04
  -3.9992155e-03   8.3996361e-02   8.7831910e-02  -1.4160480e-03  -8.4256392e-04   4.2187898e-04
  -3.1231799e-03   1.2061065e-01   8.7042827e-02  -2.0748485e-03  -9.5403413e-04   5.4194426e-04
  -3.7517414e-04   1.7678596e-01   1.0256099e-01  -1.7938442e-03  -7.5611696e-04   6.0035228e-04
  -4.2777002e-03   9.8904920e-02   8.4856267e-02  -1.6622170e-03  -1.0175906e-03   6.0106486e-04
  -1.9271835e-03   1.4076392e-01   1.2882307e-01  -2.0037229e-03  -8.8337375e-04   6.2829739e-04
  -5.8354067e-03   1.6018304e-01   9.7991846e-02  -1.5279757e-03  -8.0788596e-04   6.7940159e-04
  -4.6153406e-03   1.0677001e-01   1.2374673e-01  -1.6181907e-03  -1.0099853e-03   8.4087513e-04
  -2.0428761e-03   1.9239937e-01   1.1856833e-01  -1.5230754e-03  -8.5866356e-04   6.7474868e-04
